1_6_00 14
1_8_00 6
1_22_02 15
1_11_02 12
1_7_04 12
1_26_04 1
1_12_04 9
1_31_04 14
1_1_06 4
1_3_06 12
1_6_06 1
1_27_06 14
1_31_06 15
1_13_08 8
1_30_08 4
1_1_10 6
1_29_10 9
1_24_12 12
1_2_14 4
1_19_14 16
1_12_14 14
1_31_14 3
1_13_16 12
1_31_16 4
1_16_16 16
1_21_18 11
1_22_18 7
1_10_18 8
1_14_18 9
1_16_18 1
1_1_20 11
1_17_20 11
1_1_22 12
2_23_00 2, 10
2_9_00 3, 11
2_26_00 15, 7
2_12_00 15, 7
2_7_02 3, 11
2_24_02 15, 7
2_9_02 4, 12
2_3_04 3, 11
2_20_04 15, 7
2_21_04 4, 12
2_9_04 5, 13
2_27_04 5, 13
2_16_04 2, 10
2_1_06 4, 12
2_3_06 4, 12
2_20_06 16, 8
2_12_06 2, 10
2_28_06 2, 10
2_1_08 5, 13
2_22_08 2, 10
2_7_08 6, 14
2_12_08 3, 11
2_19_10 6, 14
2_6_10 3, 11
2_25_10 8, 16
2_7_12 8, 16
2_26_12 5, 13
2_22_14 5, 13
2_27_14 10, 2
2_12_14 6, 14
2_28_14 6, 14
2_30_14 7, 15
2_15_14 11, 3
2_2_16 5, 13
2_18_16 5, 13
2_11_16 11, 3
2_31_16 12, 4
2_28_18 8, 16
2_8_20 8, 16
2_24_20 8, 16
2_13_22 15, 7
2_14_22 11, 3
2_16_22 11, 3
3_23_00 2, 10, 6
3_24_00 14, 6, 2
3_8_04 16, 8, 4
3_9_04 5, 13, 1
3_30_04 2, 10, 14
3_1_06 4, 12, 16
3_17_06 4, 12, 16
3_2_06 16, 8, 12
3_11_06 6, 14, 10
3_28_06 2, 10, 6
3_11_08 7, 15, 11
3_13_08 8, 16, 4
3_15_08 8, 16, 12
3_6_10 3, 11, 15
3_24_10 3, 11, 7
3_25_10 8, 16, 4
3_31_10 9, 1, 13
3_7_12 8, 16, 12
3_23_12 8, 16, 12
3_24_12 4, 12, 8
3_31_12 10, 2, 14
3_19_14 8, 16, 12
3_13_14 11, 3, 7
3_8_16 6, 14, 10
3_28_16 7, 15, 11
3_14_16 8, 16, 4
3_16_16 8, 16, 12
3_1_18 10, 2, 6
3_18_18 6, 14, 2
3_22_18 7, 15, 3
3_8_18 7, 15, 11
3_12_20 9, 1, 13
3_28_20 9, 1, 13
3_13_20 14, 6, 10
3_6_22 9, 1, 5
4_7_00 2, 10, 14, 6
4_16_00 4,12, 16, 8
4_18_02 2, 10, 14, 6
4_17_04 3, 11, 15, 7
4_7_04 4, 12, 16, 8
4_16_04 6, 14, 2, 10
4_3_06 4, 12, 16, 8
4_26_08 7, 15, 3, 11
4_2_10 6, 14, 2, 10
4_4_10 6, 14, 2, 10
4_6_10 7, 15, 3, 11
4_7_10 7, 15, 3, 11
4_24_10 7, 15, 3, 11
4_28_10 8, 16, 4, 12
4_2_12 7, 15, 3, 11
4_4_12 7, 15, 3, 11
4_20_12 7, 15, 3, 11
4_6_12 8, 16, 4, 12
4_1_14 8, 16, 4, 12
4_23_14 9, 1, 5, 13
4_29_14 11, 3, 7, 15
4_6_16 10, 2, 6, 14
4_7_16 10, 2, 6, 14
4_24_16 10, 2, 6, 14
4_10_16 11, 3, 7, 15
4_29_16 12, 4, 8, 16
4_1_18 10, 2, 6, 14
4_3_18 10, 2, 6, 14
4_24_18 11, 3, 7, 15
4_14_18 13, 5, 9, 1
4_15_18 13, 5, 9, 1
4_1_20 11, 3, 7, 15
4_29_20 14, 6, 10, 2
4_9_22 14, 6, 10, 2
4_25_22 14, 6, 10, 2
4_10_22 14, 6, 10, 2
4_11_22 14, 6, 10, 2
4_28_22 14, 6, 10, 2
4_13_22 15, 7, 11, 3
5_3_00 1, 9, 13, 5, 10
5_4_02 2, 10, 14, 6, 7
5_1_04 3, 11, 15, 7, 4
5_18_04 3, 11, 15, 7, 16
5_24_04 4, 12, 16, 8, 9
5_21_06 5, 13, 1, 9, 6
5_1_08 5, 13, 1, 9, 6
5_2_08 5, 13, 1, 9, 2
5_19_10 6, 14, 2, 10, 15
5_24_10 7, 15, 3, 11, 12
5_18_12 7, 15, 3, 11, 4
5_5_14 9, 1, 5, 13, 10
5_1_18 10, 2, 6, 14, 11
5_6_18 11, 3, 7, 15, 8
5_24_20 12, 4, 8, 16, 1
5_11_00 3, 11, 15, 7, 12
5_11_02 4, 12, 16, 8, 13
5_12_02 4, 12, 16, 8, 9
5_14_02 5, 13, 1, 9, 14
5_30_02 5, 13, 1, 9, 14
5_16_02 5, 13, 1, 9, 6
5_28_04 5, 13, 1, 9, 10
5_31_04 6, 14, 2, 10, 11
5_13_08 8, 16, 4, 12, 5
5_31_08 8, 16, 4, 12, 13
5_10_12 9, 1, 5, 13, 6
5_27_12 9, 1, 5, 13, 2
5_30_12 10, 2, 6, 14, 3
5_15_12 10, 2, 6, 14, 15
5_27_16 11, 3, 7, 15, 4
5_12_18 12, 4, 8, 16, 1
5_9_20 13, 5, 9, 1, 14
5_10_22 14, 6, 10, 2, 11
5_28_22 14, 6, 10, 2, 3
5_30_22 15, 7, 11, 3, 8
6_24_00 2, 10, 14, 6, 15, 7
6_1_02 2, 10, 14, 6, 3, 11
6_19_02 2, 10, 14, 6, 3, 11
6_2_06 4, 12, 16, 8, 1, 9
6_19_08 5, 13, 1, 9, 6, 14
6_23_08 6, 14, 2, 10, 7, 15
6_24_08 6, 14, 2, 10, 3, 11
6_21_10 7, 15, 3, 11, 8, 16
6_8_10 7, 15, 3, 11, 4, 12
6_20_12 7, 15, 3, 11, 4, 12
6_6_12 8, 16, 4, 12, 5, 13
6_18_14 8, 16, 4, 12, 5, 13
6_8_16 10, 2, 6, 14, 7, 15
6_20_18 10, 2, 6, 14, 7, 15
6_3_20 11, 3, 7, 15, 12, 4
6_5_20 12, 4, 8, 16, 13, 5
6_19_22 12, 4, 8, 16, 13, 5
6_20_22 12, 4, 8, 16, 9, 1
6_22_22 13, 5, 9, 1, 10, 2
6_14_00 4, 12, 16, 8, 13, 5
6_30_00 4, 12, 16, 8, 13, 5
6_14_02 5, 13, 1, 9, 14, 6
6_14_04 6, 14, 2, 10, 15, 7
6_9_08 7, 15, 3, 11, 8, 16
6_27_08 7, 15, 3, 11, 8, 16
6_26_12 9, 1, 5, 13, 6, 14
6_16_14 11, 3, 7, 15, 4, 12
6_16_16 12, 4, 8, 16, 5, 13
6_10_18 12, 4, 8, 16, 9, 1
6_26_18 12, 4, 8, 16, 9, 1
6_25_20 13, 5, 9, 1, 14, 6
6_27_20 13, 5, 9, 1, 14, 6
6_16_20 14, 6, 10, 2, 7, 15
6_31_22 15, 7, 11, 3, 12, 4
7_6_00 2, 10, 14, 6, 15, 7, 11
7_22_00 2, 10, 14, 6, 15, 7, 11
7_7_00 2, 10, 14, 6, 11, 3, 7
7_23_00 2, 10, 14, 6, 11, 3, 7
7_5_02 3, 11, 15, 7, 4, 12, 16
7_2_04 3, 11, 15, 7, 16, 8, 12
7_23_04 4, 12, 16, 8, 13, 5, 9
7_6_06 5, 13, 1, 9, 2, 10, 14
7_1_08 5, 13, 1, 9, 6, 14, 2
7_18_08 5, 13, 1, 9, 2, 10, 14
7_6_08 6, 14, 2, 10, 3, 11, 15
7_7_08 6, 14, 2, 10, 15, 7, 11
7_2_10 6, 14, 2, 10, 3, 11, 15
7_21_12 8, 16, 4, 12, 9, 1, 5
7_17_14 8, 16, 4, 12, 9, 1, 5
7_24_14 9, 1, 5, 13, 14, 6, 10
7_1_16 9, 1, 5, 13, 10, 2, 6
7_22_16 10, 2, 6, 14, 7, 15, 3
7_1_18 10, 2, 6, 14, 11, 3, 7
7_2_18 10, 2, 6, 14, 7, 15, 3
7_18_18 10, 2, 6, 14, 7, 15, 3
7_8_18 11, 3, 7, 15, 16, 8, 12
7_19_20 11, 3, 7, 15, 4, 12, 16
7_4_20 11, 3, 7, 15, 16, 8, 12
7_29_00 4, 12, 16, 8, 1, 9, 13
7_31_00 4, 12, 16, 8, 9, 1, 5
7_26_02 4, 12, 16, 8, 1, 9, 13
7_11_04 5, 13, 1, 9, 14, 6, 10
7_28_08 7, 15, 3, 11, 12, 4, 8
7_13_08 8, 16, 4, 12, 5, 13, 1
7_14_08 8, 16, 4, 12, 1, 9, 13
7_25_12 9, 1, 5, 13, 10, 2, 6
7_31_14 11, 3, 7, 15, 16, 8, 12
7_12_16 11, 3, 7, 15, 16, 8, 12
7_26_18 12, 4, 8, 16, 9, 1, 5
7_28_18 12, 4, 8, 16, 1, 9, 13
7_15_18 13, 5, 9, 1, 2, 10, 14
7_29_20 14, 6, 10, 2, 11, 3, 7
7_14_20 14, 6, 10, 2, 7, 15, 3
7_27_22 14, 6, 10, 2, 7, 15, 3
7_16_22 15, 7, 11, 3, 16, 8, 12
8_3_00 1, 9, 13, 5, 2, 10, 14, 6
8_4_02 2, 10, 14, 6, 3, 11, 15, 7
8_8_02 3, 11, 15, 7, 4, 12, 16, 8
8_2_04 3, 11, 15, 7, 4, 12, 16, 8
8_18_04 3, 11, 15, 7, 4, 12, 16, 8
8_21_04 4, 12, 16, 8, 5, 13, 1, 9
8_22_06 5, 13, 1, 9, 6, 14, 2, 10
8_2_08 5, 13, 1, 9, 6, 14, 2, 10
8_4_08 5, 13, 1, 9, 6, 14, 2, 10
8_21_10 7, 15, 3, 11, 8, 16, 4, 12
8_6_12 8, 16, 4, 12, 9, 1, 5, 13
8_21_14 9, 1, 5, 13, 10, 2, 6, 14
8_21_16 10, 2, 6, 14, 11, 3, 7, 15
8_17_18 10, 2, 6, 14, 11, 3, 7, 15
8_18_18 10, 2, 6, 14, 11, 3, 7, 15
8_4_18 10, 2, 6, 14, 11, 3, 7, 15
8_22_18 11, 3, 7, 15, 12, 4, 8, 16
8_8_18 11, 3, 7, 15, 12, 4, 8, 16
8_17_20 11, 3, 7, 15, 12, 4, 8, 16
8_18_20 11, 3, 7, 15, 12, 4, 8, 16
8_24_20 12, 4, 8, 16, 13, 5, 9, 1
8_1_22 12, 4, 8, 16, 13, 5, 9, 1
8_28_02 4, 12, 16, 8, 5, 13, 1, 9
8_28_04 5, 13, 1, 9, 6, 14, 2, 10
8_13_04 6, 14, 2, 10, 3, 11, 15, 7
8_31_04 6, 14, 2, 10, 3, 11, 15, 7
8_13_06 7, 15, 3, 11, 4, 12, 16, 8
8_14_06 7, 15, 3, 11, 4, 12, 16, 8
8_31_10 9, 1, 5, 13, 6, 14, 2, 10
8_27_12 9, 1, 5, 13, 10, 2, 6, 14
8_16_12 10, 2, 6, 14, 7, 15, 3, 11
8_14_14 11, 3, 7, 15, 8, 16, 4, 12
8_26_16 11, 3, 7, 15, 12, 4, 8, 16
8_28_16 11, 3, 7, 15, 12, 4, 8, 16
8_30_18 13, 5, 9, 1, 10, 2, 6, 14
8_12_22 14, 6, 10, 2, 15, 7, 11, 3
8_29_22 15, 7, 11, 3, 12, 4, 8, 16
