1_17_00 1
1_9_00 3
1_10_00 15
1_26_00 15
1_28_00 7
1_13_00 4
1_2_02 14
1_7_02 11
1_8_02 7
1_25_02 4
1_11_02 12
1_29_02 5
1_25_04 5
1_26_04 1
1_16_04 10
1_1_06 4
1_17_06 4
1_19_06 12
1_22_06 1
1_7_06 13
1_25_06 6
1_10_06 2
1_27_06 14
1_28_06 10
1_2_08 1
1_20_08 9
1_25_08 7
1_11_08 15
1_29_08 8
1_30_08 4
1_15_08 16
1_31_08 16
1_17_10 6
1_3_10 14
1_20_10 10
1_7_10 15
1_8_10 11
1_28_10 12
1_19_12 15
1_5_12 8
1_24_12 12
1_28_12 13
1_14_12 6
1_15_12 2
1_1_14 8
1_19_14 16
1_21_14 9
1_7_14 1
1_9_14 10
1_10_14 6
1_31_14 3
1_17_16 9
1_18_16 5
1_4_16 13
1_5_16 10
1_21_16 10
1_26_16 7
1_16_16 16
1_21_18 11
1_22_18 7
1_10_18 8
1_28_18 16
1_14_18 9
1_1_20 11
1_6_20 8
1_25_20 13
1_29_20 14
1_16_20 2
1_3_22 4
1_19_22 4
1_16_22 3
2_17_00 1, 9
2_18_00 13, 5
2_20_00 13, 5
2_8_00 14, 6
2_24_00 14, 6
2_9_00 3, 11
2_27_00 3, 11
2_13_00 4,12
2_3_02 2, 10
2_4_02 14, 6
2_5_02 3, 11
2_6_02 15, 7
2_30_02 1, 9
2_15_02 5, 13
2_1_04 3, 11
2_18_04 15, 7
2_6_04 16, 8
2_25_04 5, 13
2_11_04 5, 13
2_13_04 6, 14
2_29_04 6, 14
2_14_04 2, 10
2_31_04 6, 14
2_1_06 4, 12
2_17_06 4, 12
2_18_06 16, 8
2_5_06 5, 13
2_6_06 1, 9
2_29_06 7, 15
2_16_06 3, 11
2_2_08 1, 9
2_18_08 1, 9
2_3_08 5, 13
2_22_08 2, 10
2_9_08 7, 15
2_26_08 3, 11
2_14_08 4, 12
2_30_08 4, 12
2_18_10 2, 10
2_20_10 2, 10
2_22_10 3, 11
2_7_10 7, 15
2_9_10 8, 16
2_10_10 4, 12
2_26_10 4, 12
2_27_10 8, 16
2_28_10 4, 12
2_29_10 9, 1
2_4_12 3, 11
2_29_12 10, 2
2_2_14 4, 12
2_7_14 9, 1
2_24_14 5, 13
2_10_14 6, 14
2_13_14 11, 3
2_29_14 11, 3
2_14_14 7, 15
2_30_14 7, 15
2_31_14 11, 3
2_1_16 9, 1
2_13_16 12, 4
2_16_16 8, 16
2_1_18 10, 2
2_18_18 6, 14
2_4_18 6, 14
2_6_18 7, 15
2_9_18 12, 4
2_25_18 12, 4
2_30_18 9, 1
2_15_18 13, 5
2_3_20 11, 3
2_28_20 9, 1
2_13_20 14, 6
2_29_20 14, 6
2_16_20 10, 2
2_1_22 12, 4
2_4_22 8, 16
2_22_22 9, 1
2_12_22 10, 2
2_13_22 15, 7
3_18_00 13, 5, 9
3_3_00 1, 9, 5
3_19_00 1, 9, 5
3_20_00 13, 5, 1
3_6_00 14, 6, 10
3_24_00 14, 6, 2
3_29_00 4,12, 16
3_17_02 2, 10, 14
3_3_02 2, 10, 6
3_4_02 14, 6, 2
3_21_02 3, 11, 15
3_9_02 4, 12, 16
3_26_02 16, 8, 12
3_27_02 4, 12, 8
3_12_02 16, 8, 4
3_13_02 5, 13, 1
3_29_02 5, 13, 1
3_6_04 16, 8, 12
3_24_04 16, 8, 4
3_31_04 6, 14, 10
3_16_04 2, 10, 6
3_1_06 4, 12, 16
3_17_06 4, 12, 16
3_4_06 16, 8, 4
3_15_06 7, 15, 11
3_17_08 5, 13, 1
3_2_08 1, 9, 13
3_3_08 5, 13, 9
3_24_08 2, 10, 6
3_10_08 3, 11, 15
3_27_08 7, 15, 11
3_3_10 6, 14, 10
3_21_10 7, 15, 3
3_7_10 7, 15, 11
3_12_10 4, 12, 8
3_31_10 9, 1, 13
3_1_12 7, 15, 3
3_19_12 7, 15, 11
3_20_12 3, 11, 7
3_8_12 4, 12, 8
3_9_12 9, 1, 5
3_10_12 5, 13, 1
3_14_12 6, 14, 2
3_15_12 10, 2, 14
3_7_14 9, 1, 13
3_24_14 5, 13, 9
3_28_14 6, 14, 10
3_13_14 11, 3, 7
3_14_14 7, 15, 3
3_18_16 5, 13, 1
3_21_16 10, 2, 6
3_22_16 6, 14, 2
3_27_16 11, 3, 15
3_1_18 10, 2, 6
3_6_18 7, 15, 3
3_27_18 12, 4, 16
3_30_18 9, 1, 5
3_10_20 9, 1, 5
3_26_20 9, 1, 5
3_31_20 14, 6, 2
3_17_22 12, 4, 8
3_18_22 8, 16, 4
3_22_22 9, 1, 5
3_8_22 9, 1, 13
3_26_22 10, 2, 6
3_16_22 11, 3, 15
4_2_00 1, 9, 13, 5
4_19_00 1, 9, 13, 5
4_11_00 3, 11, 15, 7
4_27_00 3, 11, 15, 7
4_28_00 3, 11, 15, 7
4_5_02 3, 11, 15, 7
4_6_02 3, 11, 15, 7
4_7_02 3, 11, 15, 7
4_25_02 4, 12, 16, 8
4_11_02 4, 12, 16, 8
4_29_02 5, 13, 1, 9
4_1_04 3, 11, 15, 7
4_19_04 3, 11, 15, 7
4_4_04 3, 11, 15, 7
4_5_04 4, 12, 16, 8
4_26_04 5, 13, 1, 9
4_13_04 6, 14, 2, 10
4_29_04 6, 14, 2, 10
4_30_04 6, 14, 2, 10
4_31_04 6, 14, 2, 10
4_17_06 4, 12, 16, 8
4_18_06 4, 12, 16, 8
4_19_06 4, 12, 16, 8
4_9_06 6, 14, 2, 10
4_26_06 6, 14, 2, 10
4_29_06 7, 15, 3, 11
4_14_06 7, 15, 3, 11
4_15_06 7, 15, 3, 11
4_20_08 5, 13, 1, 9
4_22_08 6, 14, 2, 10
4_10_08 7, 15, 3, 11
4_30_08 8, 16, 4, 12
4_16_08 8, 16, 4, 12
4_19_10 6, 14, 2, 10
4_4_10 6, 14, 2, 10
4_13_10 9, 1, 5, 13
4_29_10 9, 1, 5, 13
4_20_12 7, 15, 3, 11
4_22_12 8, 16, 4, 12
4_23_12 8, 16, 4, 12
4_11_12 9, 1, 5, 13
4_21_14 9, 1, 5, 13
4_19_16 9, 1, 5, 13
4_6_16 10, 2, 6, 14
4_7_16 10, 2, 6, 14
4_8_16 10, 2, 6, 14
4_12_16 11, 3, 7, 15
4_18_18 10, 2, 6, 14
4_3_18 10, 2, 6, 14
4_13_18 13, 5, 9, 1
4_29_18 13, 5, 9, 1
4_5_20 12, 4, 8, 16
4_23_20 12, 4, 8, 16
4_8_20 12, 4, 8, 16
4_14_20 14, 6, 10, 2
4_31_20 14, 6, 10, 2
4_1_22 12, 4, 8, 16
4_19_22 12, 4, 8, 16
4_7_22 13, 5, 9, 1
4_8_22 13, 5, 9, 1
4_27_22 14, 6, 10, 2
4_28_22 14, 6, 10, 2
4_31_22 15, 7, 11, 3
5_21_00 2, 10, 14, 6, 3
5_17_02 2, 10, 14, 6, 3
5_21_02 3, 11, 15, 7, 4
5_22_02 3, 11, 15, 7, 16
5_3_04 3, 11, 15, 7, 12
5_22_04 4, 12, 16, 8, 1
5_7_04 4, 12, 16, 8, 13
5_17_06 4, 12, 16, 8, 5
5_20_06 4, 12, 16, 8, 9
5_21_06 5, 13, 1, 9, 6
5_7_06 5, 13, 1, 9, 14
5_23_06 5, 13, 1, 9, 14
5_19_08 5, 13, 1, 9, 14
5_5_08 6, 14, 2, 10, 7
5_1_10 6, 14, 2, 10, 7
5_17_10 6, 14, 2, 10, 7
5_4_10 6, 14, 2, 10, 11
5_5_10 7, 15, 3, 11, 8
5_24_10 7, 15, 3, 11, 12
5_17_12 7, 15, 3, 11, 8
5_24_12 8, 16, 4, 12, 13
5_20_14 8, 16, 4, 12, 13
5_5_14 9, 1, 5, 13, 10
5_23_14 9, 1, 5, 13, 2
5_24_14 9, 1, 5, 13, 14
5_1_16 9, 1, 5, 13, 10
5_17_16 9, 1, 5, 13, 10
5_3_16 9, 1, 5, 13, 2
5_19_16 9, 1, 5, 13, 2
5_22_16 10, 2, 6, 14, 7
5_24_16 10, 2, 6, 14, 15
5_1_18 10, 2, 6, 14, 11
5_17_18 10, 2, 6, 14, 11
5_23_18 11, 3, 7, 15, 4
5_20_22 12, 4, 8, 16, 1
5_5_22 13, 5, 9, 1, 14
5_6_22 13, 5, 9, 1, 10
5_14_00 4, 12, 16, 8, 13
5_15_00 4, 12, 16, 8, 9
5_13_02 5, 13, 1, 9, 2
5_31_02 5, 13, 1, 9, 10
5_9_04 5, 13, 1, 9, 6
5_25_04 5, 13, 1, 9, 6
5_26_04 5, 13, 1, 9, 2
5_11_04 5, 13, 1, 9, 14
5_12_04 5, 13, 1, 9, 10
5_29_04 6, 14, 2, 10, 3
5_25_06 6, 14, 2, 10, 7
5_30_06 7, 15, 3, 11, 16
5_28_08 7, 15, 3, 11, 12
5_29_08 8, 16, 4, 12, 5
5_16_08 8, 16, 4, 12, 9
5_11_10 8, 16, 4, 12, 1
5_12_10 8, 16, 4, 12, 13
5_13_10 9, 1, 5, 13, 6
5_13_12 10, 2, 6, 14, 7
5_29_12 10, 2, 6, 14, 7
5_16_12 10, 2, 6, 14, 11
5_10_14 10, 2, 6, 14, 7
5_11_14 10, 2, 6, 14, 3
5_27_14 10, 2, 6, 14, 3
5_14_14 11, 3, 7, 15, 4
5_16_16 12, 4, 8, 16, 13
5_10_18 12, 4, 8, 16, 9
5_12_18 12, 4, 8, 16, 1
5_29_18 13, 5, 9, 1, 10
5_11_20 13, 5, 9, 1, 6
5_13_20 14, 6, 10, 2, 11
5_15_20 14, 6, 10, 2, 3
5_12_22 14, 6, 10, 2, 3
5_29_22 15, 7, 11, 3, 12
5_31_22 15, 7, 11, 3, 4
6_18_00 1, 9, 13, 5, 14, 6
6_4_00 1, 9, 13, 5, 14, 6
6_6_00 2, 10, 14, 6, 15, 7
6_17_02 2, 10, 14, 6, 3, 11
6_6_02 3, 11, 15, 7, 16, 8
6_8_02 3, 11, 15, 7, 16, 8
6_20_04 3, 11, 15, 7, 16, 8
6_6_04 4, 12, 16, 8, 1, 9
6_24_04 4, 12, 16, 8, 1, 9
6_6_06 5, 13, 1, 9, 2, 10
6_22_06 5, 13, 1, 9, 2, 10
6_3_08 5, 13, 1, 9, 6, 14
6_6_08 6, 14, 2, 10, 3, 11
6_8_08 6, 14, 2, 10, 3, 11
6_7_10 7, 15, 3, 11, 8, 16
6_18_12 7, 15, 3, 11, 4, 12
6_19_12 7, 15, 3, 11, 8, 16
6_7_12 8, 16, 4, 12, 9, 1
6_1_14 8, 16, 4, 12, 9, 1
6_20_14 8, 16, 4, 12, 5, 13
6_22_14 9, 1, 5, 13, 6, 14
6_18_16 9, 1, 5, 13, 6, 14
6_3_16 9, 1, 5, 13, 10, 2
6_20_16 9, 1, 5, 13, 6, 14
6_22_16 10, 2, 6, 14, 7, 15
6_24_16 10, 2, 6, 14, 7, 15
6_17_18 10, 2, 6, 14, 11, 3
6_20_18 10, 2, 6, 14, 7, 15
6_8_18 11, 3, 7, 15, 8, 16
6_24_18 11, 3, 7, 15, 8, 16
6_1_20 11, 3, 7, 15, 12, 4
6_17_20 11, 3, 7, 15, 12, 4
6_21_20 12, 4, 8, 16, 13, 5
6_22_20 12, 4, 8, 16, 9, 1
6_23_20 12, 4, 8, 16, 13, 5
6_1_22 12, 4, 8, 16, 13, 5
6_2_22 12, 4, 8, 16, 9, 1
6_18_22 12, 4, 8, 16, 9, 1
6_20_22 12, 4, 8, 16, 9, 1
6_5_22 13, 5, 9, 1, 14, 6
6_24_22 13, 5, 9, 1, 10, 2
6_25_00 3, 11, 15, 7, 4, 12
6_10_00 3, 11, 15, 7, 16, 8
6_29_00 4, 12, 16, 8, 1, 9
6_15_00 4, 12, 16, 8, 1, 9
6_16_00 4, 12, 16, 8, 13, 5
6_9_02 4, 12, 16, 8, 5, 13
6_11_02 4, 12, 16, 8, 5, 13
6_14_02 5, 13, 1, 9, 14, 6
6_9_04 5, 13, 1, 9, 6, 14
6_12_04 5, 13, 1, 9, 2, 10
6_28_04 5, 13, 1, 9, 2, 10
6_13_04 6, 14, 2, 10, 3, 11
6_25_06 6, 14, 2, 10, 7, 15
6_10_06 6, 14, 2, 10, 3, 11
6_16_06 7, 15, 3, 11, 16, 8
6_9_08 7, 15, 3, 11, 8, 16
6_15_08 8, 16, 4, 12, 5, 13
6_13_10 9, 1, 5, 13, 6, 14
6_15_10 9, 1, 5, 13, 6, 14
6_11_12 9, 1, 5, 13, 10, 2
6_14_12 10, 2, 6, 14, 3, 11
6_10_14 10, 2, 6, 14, 7, 15
6_11_14 10, 2, 6, 14, 11, 3
6_27_14 10, 2, 6, 14, 11, 3
6_13_14 11, 3, 7, 15, 8, 16
6_30_14 11, 3, 7, 15, 4, 12
6_15_14 11, 3, 7, 15, 8, 16
6_25_16 11, 3, 7, 15, 12, 4
6_29_16 12, 4, 8, 16, 9, 1
6_14_16 12, 4, 8, 16, 5, 13
6_31_16 12, 4, 8, 16, 9, 1
6_16_16 12, 4, 8, 16, 5, 13
6_11_18 12, 4, 8, 16, 13, 5
6_29_18 13, 5, 9, 1, 10, 2
6_30_18 13, 5, 9, 1, 6, 14
6_10_20 13, 5, 9, 1, 10, 2
6_26_20 13, 5, 9, 1, 10, 2
6_11_20 13, 5, 9, 1, 14, 6
6_12_20 13, 5, 9, 1, 10, 2
6_29_20 14, 6, 10, 2, 11, 3
6_30_20 14, 6, 10, 2, 7, 15
6_16_20 14, 6, 10, 2, 7, 15
6_10_22 14, 6, 10, 2, 11, 3
6_26_22 14, 6, 10, 2, 11, 3
6_27_22 14, 6, 10, 2, 15, 7
6_14_22 15, 7, 11, 3, 8, 16
6_15_22 15, 7, 11, 3, 12, 4
7_17_00 1, 9, 13, 5, 2, 10, 14
7_4_00 1, 9, 13, 5, 6, 14, 2
7_6_00 2, 10, 14, 6, 15, 7, 11
7_22_00 2, 10, 14, 6, 15, 7, 11
7_8_00 2, 10, 14, 6, 7, 15, 3
7_23_02 3, 11, 15, 7, 12, 4, 8
7_2_04 3, 11, 15, 7, 16, 8, 12
7_3_04 3, 11, 15, 7, 12, 4, 8
7_5_04 4, 12, 16, 8, 5, 13, 1
7_21_04 4, 12, 16, 8, 5, 13, 1
7_24_04 4, 12, 16, 8, 9, 1, 5
7_4_06 4, 12, 16, 8, 9, 1, 5
7_5_06 5, 13, 1, 9, 6, 14, 2
7_21_06 5, 13, 1, 9, 6, 14, 2
7_23_06 5, 13, 1, 9, 14, 6, 10
7_24_06 5, 13, 1, 9, 10, 2, 6
7_18_08 5, 13, 1, 9, 2, 10, 14
7_3_08 5, 13, 1, 9, 14, 6, 10
7_19_08 5, 13, 1, 9, 14, 6, 10
7_6_08 6, 14, 2, 10, 3, 11, 15
7_7_08 6, 14, 2, 10, 15, 7, 11
7_23_08 6, 14, 2, 10, 15, 7, 11
7_17_10 6, 14, 2, 10, 7, 15, 3
7_2_10 6, 14, 2, 10, 3, 11, 15
7_17_12 7, 15, 3, 11, 8, 16, 4
7_3_12 7, 15, 3, 11, 16, 8, 12
7_24_12 8, 16, 4, 12, 13, 5, 9
7_17_14 8, 16, 4, 12, 9, 1, 5
7_2_14 8, 16, 4, 12, 5, 13, 1
7_19_14 8, 16, 4, 12, 1, 9, 13
7_5_16 10, 2, 6, 14, 11, 3, 7
7_17_18 10, 2, 6, 14, 11, 3, 7
7_5_18 11, 3, 7, 15, 12, 4, 8
7_21_18 11, 3, 7, 15, 12, 4, 8
7_19_20 11, 3, 7, 15, 4, 12, 16
7_5_20 12, 4, 8, 16, 13, 5, 9
7_8_20 12, 4, 8, 16, 1, 9, 13
7_6_22 13, 5, 9, 1, 10, 2, 6
7_27_00 3, 11, 15, 7, 12, 4, 8
7_28_00 3, 11, 15, 7, 8, 16, 4
7_13_00 4, 12, 16, 8, 1, 9, 13
7_9_02 4, 12, 16, 8, 5, 13, 1
7_28_02 4, 12, 16, 8, 9, 1, 5
7_12_04 5, 13, 1, 9, 10, 2, 6
7_28_04 5, 13, 1, 9, 10, 2, 6
7_29_04 6, 14, 2, 10, 3, 11, 15
7_16_04 6, 14, 2, 10, 7, 15, 3
7_13_06 7, 15, 3, 11, 4, 12, 16
7_15_06 7, 15, 3, 11, 12, 4, 8
7_16_06 7, 15, 3, 11, 8, 16, 4
7_25_08 7, 15, 3, 11, 8, 16, 4
7_25_10 8, 16, 4, 12, 9, 1, 5
7_27_10 8, 16, 4, 12, 1, 9, 13
7_13_10 9, 1, 5, 13, 6, 14, 2
7_29_10 9, 1, 5, 13, 6, 14, 2
7_12_12 9, 1, 5, 13, 14, 6, 10
7_28_12 9, 1, 5, 13, 14, 6, 10
7_9_14 10, 2, 6, 14, 11, 3, 7
7_27_14 10, 2, 6, 14, 3, 11, 15
7_9_16 11, 3, 7, 15, 12, 4, 8
7_27_16 11, 3, 7, 15, 4, 12, 16
7_12_16 11, 3, 7, 15, 16, 8, 12
7_29_16 12, 4, 8, 16, 9, 1, 5
7_14_16 12, 4, 8, 16, 5, 13, 1
7_30_16 12, 4, 8, 16, 5, 13, 1
7_27_18 12, 4, 8, 16, 5, 13, 1
7_28_18 12, 4, 8, 16, 1, 9, 13
7_14_18 13, 5, 9, 1, 6, 14, 2
7_9_20 13, 5, 9, 1, 14, 6, 10
7_10_20 13, 5, 9, 1, 10, 2, 6
7_27_20 13, 5, 9, 1, 6, 14, 2
7_14_20 14, 6, 10, 2, 7, 15, 3
7_16_20 14, 6, 10, 2, 15, 7, 11
7_28_22 14, 6, 10, 2, 3, 11, 15
7_13_22 15, 7, 11, 3, 12, 4, 8
7_15_22 15, 7, 11, 3, 4, 12, 16
8_17_00 1, 9, 13, 5, 2, 10, 14, 6
8_21_00 2, 10, 14, 6, 3, 11, 15, 7
8_3_02 2, 10, 14, 6, 3, 11, 15, 7
8_3_04 3, 11, 15, 7, 4, 12, 16, 8
8_20_04 3, 11, 15, 7, 4, 12, 16, 8
8_8_04 4, 12, 16, 8, 5, 13, 1, 9
8_1_06 4, 12, 16, 8, 5, 13, 1, 9
8_19_06 4, 12, 16, 8, 5, 13, 1, 9
8_20_06 4, 12, 16, 8, 5, 13, 1, 9
8_5_08 6, 14, 2, 10, 7, 15, 3, 11
8_2_10 6, 14, 2, 10, 7, 15, 3, 11
8_3_10 6, 14, 2, 10, 7, 15, 3, 11
8_7_10 7, 15, 3, 11, 8, 16, 4, 12
8_17_12 7, 15, 3, 11, 8, 16, 4, 12
8_5_12 8, 16, 4, 12, 9, 1, 5, 13
8_21_12 8, 16, 4, 12, 9, 1, 5, 13
8_22_12 8, 16, 4, 12, 9, 1, 5, 13
8_7_12 8, 16, 4, 12, 9, 1, 5, 13
8_23_12 8, 16, 4, 12, 9, 1, 5, 13
8_2_14 8, 16, 4, 12, 9, 1, 5, 13
8_4_14 8, 16, 4, 12, 9, 1, 5, 13
8_8_14 9, 1, 5, 13, 10, 2, 6, 14
8_24_14 9, 1, 5, 13, 10, 2, 6, 14
8_2_18 10, 2, 6, 14, 11, 3, 7, 15
8_18_18 10, 2, 6, 14, 11, 3, 7, 15
8_19_18 10, 2, 6, 14, 11, 3, 7, 15
8_6_18 11, 3, 7, 15, 12, 4, 8, 16
8_22_18 11, 3, 7, 15, 12, 4, 8, 16
8_7_18 11, 3, 7, 15, 12, 4, 8, 16
8_8_18 11, 3, 7, 15, 12, 4, 8, 16
8_1_20 11, 3, 7, 15, 12, 4, 8, 16
8_19_20 11, 3, 7, 15, 12, 4, 8, 16
8_8_20 12, 4, 8, 16, 13, 5, 9, 1
8_20_22 12, 4, 8, 16, 13, 5, 9, 1
8_24_22 13, 5, 9, 1, 14, 6, 10, 2
8_26_00 3, 11, 15, 7, 4, 12, 16, 8
8_29_00 4, 12, 16, 8, 1, 9, 13, 5
8_25_02 4, 12, 16, 8, 5, 13, 1, 9
8_13_02 5, 13, 1, 9, 2, 10, 14, 6
8_31_02 5, 13, 1, 9, 2, 10, 14, 6
8_9_04 5, 13, 1, 9, 6, 14, 2, 10
8_30_04 6, 14, 2, 10, 3, 11, 15, 7
8_31_04 6, 14, 2, 10, 3, 11, 15, 7
8_11_06 6, 14, 2, 10, 7, 15, 3, 11
8_27_06 6, 14, 2, 10, 7, 15, 3, 11
8_31_06 7, 15, 3, 11, 4, 12, 16, 8
8_16_06 7, 15, 3, 11, 4, 12, 16, 8
8_26_08 7, 15, 3, 11, 8, 16, 4, 12
8_29_08 8, 16, 4, 12, 5, 13, 1, 9
8_27_10 8, 16, 4, 12, 9, 1, 5, 13
8_14_10 9, 1, 5, 13, 6, 14, 2, 10
8_15_10 9, 1, 5, 13, 6, 14, 2, 10
8_31_10 9, 1, 5, 13, 6, 14, 2, 10
8_25_12 9, 1, 5, 13, 10, 2, 6, 14
8_10_12 9, 1, 5, 13, 10, 2, 6, 14
8_29_12 10, 2, 6, 14, 7, 15, 3, 11
8_9_14 10, 2, 6, 14, 11, 3, 7, 15
8_14_14 11, 3, 7, 15, 8, 16, 4, 12
8_25_16 11, 3, 7, 15, 12, 4, 8, 16
8_26_16 11, 3, 7, 15, 12, 4, 8, 16
8_11_16 11, 3, 7, 15, 12, 4, 8, 16
8_27_16 11, 3, 7, 15, 12, 4, 8, 16
8_26_18 12, 4, 8, 16, 13, 5, 9, 1
8_12_18 12, 4, 8, 16, 13, 5, 9, 1
8_29_18 13, 5, 9, 1, 10, 2, 6, 14
8_30_18 13, 5, 9, 1, 10, 2, 6, 14
8_15_18 13, 5, 9, 1, 10, 2, 6, 14
8_16_18 13, 5, 9, 1, 10, 2, 6, 14
8_9_20 13, 5, 9, 1, 14, 6, 10, 2
8_10_20 13, 5, 9, 1, 14, 6, 10, 2
8_27_20 13, 5, 9, 1, 14, 6, 10, 2
8_13_20 14, 6, 10, 2, 11, 3, 7, 15
8_16_20 14, 6, 10, 2, 11, 3, 7, 15
8_25_22 14, 6, 10, 2, 15, 7, 11, 3
8_10_22 14, 6, 10, 2, 15, 7, 11, 3
8_29_22 15, 7, 11, 3, 12, 4, 8, 16
8_31_22 15, 7, 11, 3, 12, 4, 8, 16
